  36  432
   1   1
    28.847349841182368    17.554043713410529   -17.702593804210114
    17.554043713410529    51.947798602237732     6.678934990815988
   -17.702593804210114     6.678934990815988    61.295961440604749
   1   2
    -0.000190952853952     0.000126805542267    -0.001058049547152
     0.000126805542267     0.000463602237654     0.000654244191892
    -0.001058049547152     0.000654244191892     0.001096878660599
   1   3
    -0.000015026148810    -0.004144693357393    -0.003509318496859
     0.001318879461025     0.006290852237654     0.005235808845599
     0.003656748043544     0.008869257951868     0.004602241709799
   1   4
    -0.000288080640070    -0.000154012034464    -0.000570555130986
    -0.000135021135183     0.000032102237654     0.000224509933223
    -0.000606642480873     0.000558293684070     0.000851041946687
   1   5
    -0.000015026148810     0.001318879461025     0.003656748043544
    -0.004144693357393     0.006290852237654     0.008869257951868
    -0.003509318496859     0.005235808845599     0.004602241709799
   1   6
    -0.000288080640070    -0.000135021135183    -0.000606642480873
    -0.000154012034464     0.000032102237654     0.000558293684070
    -0.000570555130986     0.000224509933223     0.000851041946687
   1   7
    -0.002073731892437    -0.003113094979271    -0.000773756235148
    -0.003113094979271    -0.004381897762346    -0.000751473882941
    -0.000773756235148    -0.000751473882941     0.008907036299881
   1   8
    -0.002173561164275     0.000448329340585     0.001447073277960
     0.000448329340585    -0.000282897762346    -0.000938692873816
     0.001447073277960    -0.000938692873816    -0.002154899610776
   1   9
     0.000183007348145     0.000261171297993     0.001149539408883
     0.000142938596102    -0.000174397762346    -0.000547942870253
     0.000345708997233    -0.000421287407677    -0.001539265185954
   1  10
    -0.000865103990962     0.001175784092358     0.000671148251745
     0.000371380766088    -0.000334147762346    -0.000295157666678
     0.000420244781218    -0.000589579205325    -0.000997117294656
   1  11
     0.000183007348145     0.000142938596102     0.000345708997233
     0.000261171297993    -0.000174397762346    -0.000421287407677
     0.001149539408883    -0.000547942870253    -0.001539265185954
   1  12
    -0.000865103990962     0.000371380766088     0.000420244781218
     0.001175784092358    -0.000334147762346    -0.000589579205325
     0.000671148251745    -0.000295157666678    -0.000997117294656
   1  13
   -14.790254946052206   -11.242327024061535     8.203602453787305
    -9.522865277489110   -19.497875536072534     5.515728378700290
    10.207085089733969     9.435528619047549   -17.994775996987009
   1  14
    -0.000800359739591     0.001353628818533     0.000469903529670
     0.000175958153707    -0.000614286072531     0.000169222314661
    -0.000043068595455     0.000345047134794    -0.000029679727356
   1  15
     0.002816842957842     0.004453575254319    -0.000335590132062
    -0.002551920123509    -0.002283786072531     0.001015454735760
    -0.004266421637950    -0.004473350159157     0.002194682468505
   1  16
    -0.000422745188840    -0.000124604104459    -0.000560067830780
     0.000198753432864     0.000081213927469     0.000038167977627
    -0.000292516874745    -0.000566666520101    -0.000400951640526
   1  17
    -0.009057147980914    -0.002161491651929    -0.003963046530713
    -0.016060303667499    -0.005150786072531    -0.016202744933083
    -0.014441582093312    -0.007490598381269    -0.010195021260937
   1  18
    -0.000275649319030     0.001276627834286     0.000214377208996
     0.000107702640508    -0.000569786072531    -0.000387207639861
     0.000702399415405    -0.000889898130307    -0.000677218392765
   1  19
     0.000964675952521     0.000044223841673    -0.000168216864802
     0.000531746424335     0.000687213927469    -0.001315827572131
    -0.002130863772897    -0.009281524375042    -0.003774555455741
   1  20
    -0.000381557289882     0.001179545808294    -0.000648871115259
    -0.000248202670665    -0.000097286072531     0.000349133749042
    -0.000075008348563     0.000039714309219     0.000221155134682
   1  21
     0.000244299064482    -0.000101556163064     0.000331682024012
     0.000215430660584     0.000461713927469     0.000297332831280
     0.000147648810630     0.000764994870802     0.000113215202539
   1  22
    -0.000753809706620    -0.001090665387877    -0.000601188213014
     0.000303819155785     0.000244463927469     0.000230956211873
     0.000113981633680     0.000477161993620     0.000060505183638
   1  23
     0.000053991109548    -0.000989835015213    -0.000034589005101
    -0.000021293491185     0.000554213927469     0.000734476871217
     0.001794779235757     0.001795832386145     0.001660258525065
   1  24
    -0.000392717544948     0.000525238405309    -0.000413362083600
     0.000361570000631    -0.000530036072531     0.000460320309874
     0.000007585017535     0.000522644523813     0.000728139750560
   1  25
    -0.821458718479114     0.044429433369539     3.551371516571862
    -0.830423213858738     2.133426151427470     3.805253406370239
     2.428256835617975     1.699698075853914    -3.012801541023249
   1  26
     0.000035042726100    -0.000860664572314    -0.001434738329143
    -0.000040273333765     0.000469651427469     0.000647254064949
    -0.000280540482764    -0.000157559565753     0.000757715796758
   1  27
     0.000847807377402     0.002566295808680     0.000704701738307
     0.000349227987877    -0.001040598572531    -0.003628430238300
    -0.000392823660124    -0.002596449845253    -0.003749755965557
   1  28
    -0.000084582171045    -0.000309002860207    -0.000273441386168
    -0.000035004334765     0.000074901427469     0.000194236329233
    -0.000034041013268     0.000348201586436     0.000486092746506
   1  29
     0.003054261311111     0.003819022169332    -0.003445656047630
     0.005029290674881     0.007301401427469    -0.006241129324001
     0.008063046977287     0.006770710010856    -0.009309411114117
   1  30
     0.000012593931543    -0.000555350311401    -0.000588700285558
    -0.000172405392710     0.000522401427469     0.001164353476051
    -0.000028943482589     0.000503765071450     0.001259049574288
   1  31
    -0.002846230906934    -0.001423666662778     0.004282294154742
    -0.002677329453954    -0.004387348572531     0.002474146397339
     0.002569692828411     0.002434293891181     0.010244892753954
   1  32
    -0.000019542712408    -0.000228467897147     0.000761907053252
    -0.000033332981802     0.000453151427469    -0.000230248924981
    -0.000520868026818    -0.001260785052436     0.000109027867726
   1  33
     0.000086109024225     0.000286161741002     0.000373806121991
     0.000042548935461    -0.000311098572531    -0.000278418979100
     0.000251500292575     0.000166129266873     0.000105590662815
   1  34
     0.000061863373409    -0.000094717364313     0.000284889741938
     0.000110755696372    -0.000126848572531    -0.000149725951720
    -0.000005647051768     0.000108947831683    -0.000420231102905
   1  35
     0.000126058755728     0.000954924390468     0.000543576336206
     0.000282860336289    -0.000531098572531    -0.001213205730369
     0.000207009656016    -0.002101636752605    -0.001920577970365
   1  36
    -0.000123548744849    -0.000048733211372     0.000267438248745
     0.000102098781934    -0.000234348572531    -0.000413959346249
     0.000192631043166    -0.000338665788894    -0.000659844596994
   1  37
    -0.000648297345558    -0.001852173940750    -0.002599651618006
     0.004352040444671     0.003982886959876    -0.007638812197517
    -0.014536998180310    -0.023616328608990    -0.009389557082464
   1  38
    -0.000170471294831     0.000352068672008    -0.000531410088077
    -0.000160819070923     0.000565636959876     0.000181152367801
    -0.000281508857578    -0.000393020484631    -0.000112984216044
   1  39
     0.000559413456338     0.000433681799245     0.000584124486931
     0.000201294286053     0.000303636959876     0.000133988220299
    -0.000226764851642     0.000584638271798    -0.000049730657510
   1  40
    -0.000358059757876    -0.000539182394901    -0.000262074613151
     0.000186041754168     0.000153886959876     0.000134795243255
    -0.000297148674927    -0.000040664879028    -0.000321352770114
   1  41
     0.000047421081141    -0.002317160252341    -0.000088431598205
     0.000025417326701     0.001153636959876     0.000866142038400
     0.003475746440609     0.004904387952000     0.001684525204622
   1  42
    -0.000510740582962     0.000375774197276    -0.000235289979050
     0.000244283967787    -0.000171613040124     0.000358104931947
    -0.000141264624603     0.001217956172825     0.000554814447006
   1  43
     0.985119376584660     0.260058227159128    -0.668422403210982
     0.782472017207816     0.625673636959877    -1.780328359408581
    -0.028882812223204    -0.532226323314042    -0.037517599591332
   1  44
    -0.000837484968021     0.002294036627276     0.000565826098793
     0.000262426113460    -0.000385113040124     0.000293075938541
     0.000877282283611    -0.000254019844521     0.000165474988357
   1  45
     0.000963644910662     0.000657073893722    -0.000609434599812
     0.000395988396978     0.001719386959876     0.000613284491570
    -0.000375654420553     0.000632217426582     0.000645137284635
   1  46
    -0.000630817779301    -0.000277845176697    -0.000570467268636
     0.000266176376298    -0.000034363040124     0.000076528054001
    -0.000101584317666    -0.000081792877561    -0.000003045707258
   1  47
     0.008178717226484     0.002577284230675    -0.001214446107685
     0.006037759349922     0.001167636959876    -0.001078481192182
     0.001567809869503    -0.003738145906915     0.003054577935904
   1  48
    -0.000039565049215     0.001640153088816     0.000224186517376
     0.000772933153010    -0.001401613040124    -0.000721025191818
     0.000444434894549    -0.001880688599843    -0.000461347865155
   1  49
     0.002124280838376    -0.007571183390525     0.001708648240847
    -0.012120731030853    -0.015002467206790     0.004842282910232
    -0.002074697157773     0.057137395500820    -0.002964069219818
   1  50
     0.000488538361266     0.001356853965075    -0.000545299190533
    -0.000834665352089    -0.001133217206790    -0.000019413614562
     0.000063050052782     0.001897390144201    -0.000482376633128
   1  51
     0.000398126688266    -0.000307113461717     0.000791601180018
     0.000231968892630     0.000010782793210    -0.000295492758809
    -0.000970612168028    -0.000482068714906     0.000026428689359
   1  52
    -0.000008905082006    -0.000126634077795    -0.000103939060617
     0.000110091511032    -0.000018467206790    -0.000010913319675
    -0.000292336645463     0.000542609762399    -0.000360303140112
   1  53
     0.003479487277094     0.001639437541279    -0.000517220468036
     0.000588348103414     0.000353532793210    -0.001707918846415
    -0.005777975268388    -0.006702008641214     0.003313795595900
   1  54
    -0.000410460465710     0.000440850094319    -0.000384133946442
     0.000044680152807    -0.000400467206790     0.000062148881809
    -0.000765511249717    -0.000012296504586    -0.000557771223663
   1  55
    -0.027415337707065     0.579271669172025     0.688238188332700
     0.017572168690338     1.017318032793210     1.177762257974871
     0.032393916075602    -0.101006305869585    -0.213444249065488
   1  56
    -0.001627547888791    -0.000006464227524    -0.001248026371047
     0.000452055448057    -0.000218217206790     0.000442327821527
     0.001589106185366    -0.000102152218076     0.000423904319311
   1  57
     0.001044805848713     0.001256008434868     0.000643618849505
     0.000392073546084    -0.001252467206790     0.000670415343132
    -0.000446457375802    -0.001434276783906     0.000273526602176
   1  58
    -0.000733978390107     0.000195451749899    -0.000416601849170
     0.000413173928472     0.000024032793210     0.000061957577266
    -0.000170909680523    -0.000288477789596     0.000579222566682
   1  59
    -0.000405724865851    -0.002299936389125     0.001361928016435
     0.000182309295707    -0.001849967206790    -0.000793659828344
     0.001671234324749     0.000115761006406     0.002746739654290
   1  60
    -0.000746442714982    -0.000213927669969    -0.000372054754213
     0.001064387394429     0.000312532793210     0.000301910581145
     0.000909538446244     0.000339848733777     0.000384718799387
   1  61
    -0.005336734579445     0.012694519078749    -0.019899856680285
    -0.008762726962935    -0.010588897762346     0.001046102146815
    -0.000636204555415    -0.006139875941922     0.022309103827061
   1  62
    -0.000480609300158     0.000298946190549    -0.000953363455575
    -0.000104978720036    -0.000507397762346     0.001294835990521
    -0.000915331043281    -0.000603064827724     0.000920826148612
   1  63
     0.000521790247997     0.000712569542542    -0.000467843210461
    -0.000712569542542    -0.000339397762346     0.000420680804454
    -0.000467843210461    -0.000420680804454     0.000712932292827
   1  64
    -0.000076062749829     0.000180079711429    -0.000275391891273
    -0.000180079711429    -0.000177897762346     0.000316694758346
    -0.000275391891273    -0.000316694758346     0.000849801216424
   1  65
    -0.005336734579445     0.008762726962935    -0.000636204555415
    -0.012694519078749    -0.010588897762346     0.006139875941922
    -0.019899856680285    -0.001046102146815     0.022309103827061
   1  66
    -0.000480609300158     0.000104978720036    -0.000915331043281
    -0.000298946190549    -0.000507397762346     0.000603064827724
    -0.000953363455575    -0.001294835990522     0.000920826148612
   1  67
    -0.001562274129476     0.001209255265629     0.000582824672964
    -0.004841225868914     0.005310352237654    -0.000520977429031
     0.001015373876315     0.001292164523569     0.003510917632136
   1  68
    -0.000988898826050     0.010585569208087    -0.000150491398509
    -0.005026763213329     0.006841852237654     0.006704157443308
    -0.003724982406684     0.000494050806609     0.002814188252392
   1  69
     0.000114665567445    -0.000110677370323     0.000237111012688
     0.000110677370323     0.000035102237654    -0.000251928691713
     0.000237111012688     0.000251928691713    -0.000020557582816
   1  70
    -0.000379311928921    -0.000400296586128     0.000459658024995
     0.000400296586128     0.000243102237654    -0.000414858577253
     0.000459658024995     0.000414858577253    -0.000422328516387
   1  71
    -0.001562274129476     0.004841225868914     0.001015373876315
    -0.001209255265629     0.005310352237654    -0.001292164523569
     0.000582824672964     0.000520977429031     0.003510917632136
   1  72
    -0.000988898826050     0.005026763213329    -0.003724982406684
    -0.010585569208087     0.006841852237654    -0.000494050806609
    -0.000150491398509    -0.006704157443308     0.002814188252392
   1  73
     0.004068109995630     0.004012374471084     0.007038334111955
    -0.006521536027420     0.014074713927469     0.003622078941030
     0.009887980266037    -0.004676157401945    -0.015481356721116
   1  74
    -0.000170672736581    -0.000805279338198     0.000265102380860
    -0.000320189270373     0.000564213927469    -0.000127318276776
    -0.000480774225566     0.000910055592115    -0.000619239098156
   1  75
     0.000982012896262    -0.000686508328280     0.000611101243019
    -0.000681122052382     0.000207963927469    -0.001050585798934
     0.000009354945808    -0.000335361583408    -0.000160443704866
   1  76
    -0.000083059283426    -0.000269461605878     0.000047321485858
    -0.000181749329197     0.000224463927469    -0.000315114763172
    -0.000405010471799     0.000541029835470    -0.000391592460324
   1  77
     0.021893517906965    -0.014116185444661    -0.009576480338089
    -0.032668350185090     0.054004463927469     0.022767681996574
    -0.009782329670167     0.013906034296346     0.000983559065278
   1  78
    -0.000237015393389    -0.000842005250936     0.000148469949677
     0.000253130299699    -0.000516786072531    -0.000266485967012
    -0.000543557659794    -0.001588550257839    -0.000693564386896
   1  79
    -0.000231870900068     0.000828011123526    -0.001360042892271
     0.001160650650938     0.000024713927469    -0.001294149513610
     0.001572114710306    -0.000352075522047     0.001165233555007
   1  80
     0.000857209353459     0.001125583907654    -0.008953500662103
     0.002284664177550    -0.000066536072531    -0.005015660414786
     0.002367999042506    -0.002861294409407     0.001146664044754
   1  81
     0.000244787256635    -0.000014028076093     0.000307766279140
    -0.000198057330506     0.000049213927469     0.000047307837766
    -0.000036860216131     0.000011946330091     0.000247958265052
   1  82
    -0.000460515389903     0.000569976016205    -0.000509773708743
     0.000440421858981    -0.000072286072531     0.000397064896324
     0.000580352885399    -0.000215314726584     0.000618396870687
   1  83
     0.001652323845863    -0.002462875635238    -0.002311080109590
     0.000343109391300    -0.001466286072531    -0.000480663203524
     0.003013930221300     0.009966524786998    -0.002985734017486
   1  84
    -0.002353673274574    -0.001681576540030    -0.005508154314131
     0.008115513867269    -0.007194286072531    -0.019249770993423
     0.004951946446532     0.002503913129392    -0.003616926482470
   1  85
     0.002295874665652    -0.003172647205953    -0.003257515267294
     0.001979987165601     0.000945651427469    -0.006448336203230
    -0.000366459130841     0.001024439938861    -0.001285940077357
   1  86
    -0.000124236589718     0.000074470149797     0.000131155227483
     0.000088375721697    -0.000383598572531     0.000132897912764
    -0.000115950611684     0.001199572067583    -0.000577101029617
   1  87
     0.000059490276188     0.000207690859622     0.000038712365410
    -0.000155279989119    -0.000351098572531     0.000657211091361
    -0.000474044779635     0.000447237518874     0.000365173411579
   1  88
    -0.000021429394483     0.000236414716623    -0.000268006845774
    -0.000018293061462    -0.000275098572531     0.000325701466884
    -0.000195784057425    -0.000106934444896     0.000289938885324
   1  89
    -0.006131890669299     0.015107153571078     0.003580459796863
     0.020411274451206    -0.041414348572531    -0.006310689059528
     0.004475446067447    -0.020584249578814     0.002921981669419
   1  90
     0.000288676169846     0.000381314047051    -0.000683850623380
     0.000437198519529     0.000617901427469    -0.000006500359906
     0.000393510144694     0.000278783506964     0.000103964122409
   1  91
    -0.000017061531564     0.000768222635956     0.002336258249653
     0.000925604368174     0.006257651427469     0.004770553461927
     0.000988680574346    -0.001162990068281     0.002330159017238
   1  92
     0.011685567011185    -0.011764829355156     0.005195072468178
    -0.004372380311584    -0.001066848572531    -0.000658026923641
    -0.000861368137656     0.005143800262167    -0.002735201516068
   1  93
     0.000138266042203    -0.000017044702372     0.000015822594975
     0.000177591015003    -0.000036348572531    -0.000298661177833
     0.000221771925687     0.000103870795964    -0.000500537138126
   1  94
    -0.000372798114706    -0.000003085113177     0.000322144117781
     0.000228367993873     0.000178151427469    -0.000310689415709
     0.000391060339857     0.000347237764706    -0.000905356897328
   1  95
    -0.001961550864685     0.006985554929704     0.004152951941250
    -0.000470014327003     0.008664401427469    -0.001039214260689
     0.004443840493293    -0.006914510421631     0.006239703171853
   1  96
     0.006845153514851     0.000576266454439     0.004828094849246
     0.019070137126084     0.005155151427469    -0.000729335513459
     0.005071468818228    -0.000033376057239    -0.006022069917675
   1  97
     0.000943440425622     0.001018759980067    -0.003657873524817
     0.003393594134867     0.000146636959876    -0.015452932619239
     0.003923809602934    -0.001947615851367    -0.005049971628344
   1  98
    -0.003052889230405     0.004991368427700     0.001332457127418
     0.003319833390060    -0.002621113040124    -0.002483808628525
     0.001541157448410    -0.001309696274476    -0.001963135076763
   1  99
     0.000458431181106     0.000020041788925     0.000259622730362
    -0.000318156167258    -0.000358863040124     0.000096811688386
    -0.000005477770462    -0.000265346036580     0.000203683742040
   1 100
    -0.000585854739187     0.000373271348442    -0.000354569229879
     0.000494505500495    -0.000187863040124     0.000477994045622
     0.001075750109080    -0.000032102727336     0.000762745245743
   1 101
    -0.004580619862594    -0.009273986194312     0.016962943705238
    -0.007005405798083    -0.013952363040124     0.008985277976106
    -0.000120196642296     0.018889039663163    -0.005166149831333
   1 102
     0.000670017982168     0.005103243136086     0.007683198579127
     0.004404440447554     0.013494136959876     0.006261105340203
    -0.000015674726996     0.002355520635508     0.001210680036885
   1 103
    -0.003267679538838     0.002882705586510    -0.000592166771173
    -0.002127434421659     0.002151886959876     0.001459614498517
     0.004838992374364    -0.002031406152623    -0.000588490326154
   1 104
     0.000185329162021    -0.001745970550830     0.000865244160707
     0.000219348194535    -0.000690613040124     0.000434033198064
    -0.000218040490486     0.001761881921308    -0.001329471024577
   1 105
     0.000748425858134    -0.000317895879199     0.000319201562579
    -0.000952683113810     0.000717386959876    -0.000681154480155
     0.000047607030236     0.000270572445338    -0.000179619246259
   1 106
    -0.000076154855061    -0.000239894360339     0.000005557169245
    -0.000216147609942     0.000333386959876    -0.000244360412178
    -0.000391174910876     0.000380691868168    -0.000302673537364
   1 107
     0.001146789415942     0.001162142183315     0.000073864655975
     0.001119633467253     0.000966386959876    -0.001834070520824
    -0.002440287501640     0.008813244212001    -0.003309324774694
   1 108
     0.000485656228767    -0.000917923284082    -0.000403316911641
     0.000799214643264    -0.001787863040124     0.000155681670952
    -0.001352352683147    -0.003106507906719     0.001068117734320
   1 109
    -0.002401560960993    -0.001451488571427     0.001913778496029
    -0.006899011060475    -0.005059217206790     0.004542867811494
    -0.012357866512371     0.005652865115878    -0.001021623133042
   1 110
     0.001810567179487     0.004888019510021     0.001777685080600
    -0.000616353406137    -0.003837967206790     0.000989571950694
     0.002285921358382    -0.004593589133021    -0.001126059756814
   1 111
     0.000663273303500    -0.000141099579440    -0.000034061185350
    -0.000524176128891     0.000068282793210    -0.000333118757166
     0.000083425939863    -0.000164133381654    -0.000617386322551
   1 112
    -0.000379810661394    -0.000036216154627    -0.000065948388620
    -0.000037838640561     0.000311032793210     0.000073172374223
     0.000601209759788     0.000455367966796     0.000048804421590
   1 113
     0.006872845357696    -0.020059587117377    -0.022037011647877
    -0.004003260247128    -0.013301717206790     0.008261855340829
     0.003685976426824    -0.020048871418787    -0.029637834273404
   1 114
     0.000763230909030    -0.006543609055975    -0.001216942815631
    -0.000759740831512    -0.005694467206790     0.013896067592737
    -0.007184353424018     0.013586782490088     0.001955391898921
   1 115
     0.003428712001062    -0.002143909097237    -0.004744854955408
     0.000529778259562     0.002219032793210    -0.003132161272881
     0.000181203286542     0.000542282663634     0.002772462821949
   1 116
    -0.001792413098982     0.001286583297006     0.001472470666348
    -0.000791908314302     0.000590532793210     0.002021833361842
     0.001668177187102    -0.001814214880471    -0.001225561251082
   1 117
     0.000311855143530     0.000046973051789     0.000123671189568
    -0.000068637419866    -0.000496967206790    -0.000127601440284
     0.000339941472455    -0.000082682314754    -0.000053444475636
   1 118
    -0.000163408396360     0.000001147727283    -0.000228287861661
     0.000063221113279    -0.000151717206790     0.000160683309559
     0.000135830137851    -0.000162867002755     0.000108317289740
   1 119
     0.001300328119901    -0.000667040045032    -0.000869003352478
    -0.001007969870126     0.001489532793210     0.001818988568307
     0.001450433488523    -0.001659947926734     0.001037455189290
   1 120
    -0.000934206271747     0.001030078068766    -0.000157173286504
    -0.003571816567428     0.001246532793210    -0.000851926324738
    -0.004780528510779    -0.000576000252202    -0.001492213419699
   1 121
    -0.000070687203942    -0.000358628012829    -0.000800562503748
    -0.000358628012829     0.000199102237654     0.000185487966955
    -0.000800562503748     0.000185487966955     0.000559221917488
   1 122
     0.001642227498066    -0.000414804872167    -0.001571332626037
    -0.000414804872167     0.000492602237654     0.001168256451642
    -0.001571332626037     0.001168256451642     0.001097184368289
   1 123
    -0.000244756631942     0.000013256711081    -0.000553877562797
     0.000013256711081     0.000282102237654     0.000574997717307
    -0.000553877562797     0.000574997717307     0.000194091462045
   1 124
     0.000229363848064    -0.000632088018150     0.000772852223527
    -0.000632088018151     0.000999602237654     0.001966579124109
     0.000772852223527     0.001966579124109    -0.001313052375673
   1 125
    -0.000129992801792     0.000538801056891    -0.001743965356959
     0.000538801056890    -0.001530397762346     0.001783898799309
    -0.001743965356959     0.001783898799309    -0.000474958620336
   1 126
    -0.017241543253632    -0.020601550455334    -0.014064334174276
    -0.020601550455334    -0.015774397762346    -0.012641498121072
    -0.014064334174276    -0.012641498121072    -0.005792491388231
   1 127
    -0.001801345211231     0.000340459610749     0.001037518119305
     0.000340459610749    -0.000193897762346    -0.000194353730731
     0.001037518119305    -0.000194353730731    -0.001023153483552
   1 128
    -0.000316831406259    -0.000924437444142    -0.000430173677918
    -0.000924437444142     0.002784102237654     0.002350031597205
    -0.000430173677918     0.002350031597205     0.001441751828165
   1 129
    -0.000594883127420     0.000407161595482     0.000378174856227
     0.000407161595482    -0.000906897762346    -0.000398947258667
     0.000378174856227    -0.000398947258667    -0.000579774256332
   1 130
    -0.002009589101787    -0.001397861525578    -0.001157793968918
    -0.001397861525578    -0.000526397762346     0.000507471413284
    -0.001157793968918     0.000507471413284     0.002322640608785
   1 131
    -0.001117516098223     0.001302710455354     0.001420211261975
     0.001302710455354    -0.000499897762346    -0.001334181184815
     0.001420211261975    -0.001334181184815    -0.000598212037779
   1 132
    -0.351586482773482    -0.693968964578894     0.081008894270425
    -0.693968964578894    -1.224919397762346     0.097423211981258
     0.081008894270425     0.097423211981258    -0.033932661121505
   1 133
    -0.000217075858957     0.002103422376256     0.000990201309196
    -0.000513069255736     0.000263463927469    -0.000266836989226
     0.000655278029183     0.000323051327045    -0.000630784063938
   1 134
    -0.000344230585973    -0.001750045904730     0.000572452981913
    -0.000544742999124    -0.000378786072531    -0.000752801047841
    -0.002253425571669    -0.000698466367910    -0.002277829964166
   1 135
    -0.000215948239591    -0.000019567148539    -0.000194102876722
     0.000131922995192     0.000099463927469     0.000419841258314
    -0.000594598223148    -0.000584625058361    -0.000376393507597
   1 136
     0.000125579585442    -0.000062268389631     0.000062065180974
    -0.000469051404601    -0.001147536072531    -0.000381685865314
    -0.000748408937448    -0.000838902053163    -0.000151726882100
   1 137
    -0.001462272358922     0.000753100730830    -0.000630999366473
     0.002467807683168    -0.000341786072531     0.000029959292630
    -0.002024419838938     0.000814674521475     0.000214359955332
   1 138
    -0.001815385273620     0.014930201892093     0.006229018351974
     0.000874817795554     0.014737463927469    -0.003017325074676
     0.002432550056077     0.010830748393018    -0.002439220612232
   1 139
    -0.000396687996163     0.001458223497107    -0.000469277275767
     0.000117187968368    -0.000248536072531     0.000067341140138
     0.000020029763806    -0.000378163476367     0.000569996445011
   1 140
     0.000722240869625     0.002777542426224    -0.002698391537973
    -0.005350747287756     0.000719713927469    -0.004369996182277
    -0.003693864430106    -0.003325370546301    -0.000806123201699
   1 141
    -0.000383794423915    -0.000454868766104    -0.000615964579265
     0.000549966075893     0.000683713927469     0.000286472243899
     0.000206004386107     0.000454861110628     0.000229228193540
   1 142
     0.001070252800578     0.000206068028823    -0.001833853003220
     0.000455629145576     0.000344713927469    -0.000801229263431
    -0.000167701480025    -0.000871590301774    -0.000676167890608
   1 143
    -0.000858938748594    -0.000661220656431    -0.000533264831699
     0.000195345296356    -0.000523786072531     0.000567555837490
     0.000997499139017    -0.000399362238978     0.000316618041403
   1 144
     0.240285204049665     0.076898433114902    -0.643322472747313
     0.616814514835849     0.092879963927469    -1.204568165744909
    -0.006296495665687     0.026647600673769    -0.027174194979059
   1 145
     0.000088608024401    -0.001457097631141    -0.001573491412500
    -0.000204668883295     0.000178651427469     0.000491900606544
    -0.000460559226044     0.000356523587549     0.001728689020388
   1 146
     0.000466549088114     0.000691992309770    -0.000649850714723
    -0.000174027883336     0.000250401427469     0.000433391587417
     0.000329415047503     0.001336703790047     0.000165757036932
   1 147
     0.000054118938044    -0.000142683237198    -0.000158685923414
     0.000014403864806     0.000012401427469     0.000122630788447
     0.000028703174736     0.000281417277894     0.000531811103886
   1 148
    -0.000098088665858     0.000000052641370    -0.000183547176278
    -0.000061267225486    -0.000222348572531    -0.000027364575979
     0.000146206457304     0.000737488795628     0.000155557648165
   1 149
    -0.000778312566398    -0.000785659694914     0.000750042664529
     0.000548713704961     0.000195901427469    -0.000573243353048
    -0.001139763199532    -0.000499438517835     0.002776801095482
   1 150
    -0.001349935140484    -0.003132792424227     0.004306791307905
    -0.000511397658394    -0.002952848572531     0.006239383150429
    -0.004080935405351    -0.007099183122189     0.007488480650000
   1 151
    -0.000290968431633    -0.000359070485871     0.000166009889629
     0.000048746301219     0.000078151427469     0.000080077841802
     0.000536507112983     0.000233498830857    -0.000532845285295
   1 152
    -0.002428907280809     0.003663392612768     0.008143260675276
     0.007209693804456     0.007513401427469    -0.005175781957755
     0.008416727320706     0.002962404299672    -0.012149830506686
   1 153
     0.000106346854765     0.000130031634196     0.000259163623055
    -0.000056974024427     0.000020401427469    -0.000161221415621
    -0.000042250362186     0.000075149276532    -0.000243742504588
   1 154
    -0.000458643429076     0.001530109015275     0.002772741872442
    -0.000341592078663    -0.001877348572531     0.002035360224983
     0.001950991011280     0.002634510747345     0.001684891818808
   1 155
     0.000153239393758    -0.000254959951135     0.000135897435215
     0.000265238254559     0.000105151427469    -0.000361103885548
     0.000129407692829    -0.000362145498819    -0.000313054071028
   1 156
    -1.509578487737616    -1.170893902675723     0.538632752770673
    -1.672845616661685    -2.559989598572531     1.648974448741662
    -0.091758190912354     0.447074042093864     0.036815950993902
   1 157
    -0.000196910692140     0.000824768206741    -0.000323099202147
     0.000157006386736    -0.000309613040124    -0.000077252643224
    -0.000040881070284     0.000408967342990     0.000466458906406
   1 158
    -0.005818020632759    -0.004902779327918    -0.015005172270916
     0.004375581379000    -0.006494363040124    -0.007993626049990
     0.007668926211337    -0.006337866366154     0.005849635273736
   1 159
    -0.000344505634052    -0.000257082674605    -0.000359894765396
     0.000177169490427     0.000275886959876     0.000073228655907
    -0.000072801091344     0.000123156742242    -0.000114026917036
   1 160
    -0.000041685349507     0.000286764802105    -0.000493538780178
     0.001106540039872     0.002070136959876    -0.000770512075238
     0.000029849584134     0.002782160094485     0.002888675989846
   1 161
    -0.000541056330470     0.000186238492427    -0.000169939113320
     0.000095708285840    -0.000040863040124     0.000507619713940
     0.000082854029269    -0.000471501275391     0.000166829660466
   1 162
     1.909756329969928     0.696262377081151    -2.025689808776745
     1.733917727467823    -0.641777363040124    -5.798009021689613
    -0.716492191348258    -3.201453137691496    -1.444910744699189
   1 163
     0.000346694410541     0.003087386101552     0.000853532429875
    -0.000064838458423     0.000014136959876    -0.000485092820629
     0.000429656283855    -0.001443521206710    -0.000459350319912
   1 164
    -0.000117909238308    -0.000675912670581     0.000212508141501
    -0.000635351242582    -0.000399363040124    -0.000481346154184
    -0.001604669687510    -0.000515996948703    -0.001124355551319
   1 165
    -0.000266558101747     0.000018610892807    -0.000155116451759
     0.000484171065971     0.000266636959876     0.000410821170423
    -0.000257671260065    -0.000302291327299    -0.000148938023932
   1 166
     0.000181304560040     0.000365725451624     0.000252732602507
    -0.000047678583012    -0.000246863040124     0.000002970986768
    -0.000713783900321    -0.001262444804399    -0.000463803934418
   1 167
    -0.001125501829700     0.000122354818386    -0.000427186266546
     0.000463173496651    -0.000941613040124    -0.000268220473271
     0.001100496891915    -0.000066822742148    -0.000146077701168
   1 168
     0.002806454906672     0.002696150561998     0.001136686414515
     0.003327675078039     0.004201636959876    -0.000596766152541
     0.004417445621473     0.006455664763164     0.000379504947940
   1 169
    -0.000063920053254     0.000673325403094    -0.000540071444744
    -0.000024662263488     0.000166032793210    -0.000008218585739
    -0.000260042290499     0.000337637629598    -0.000842717096210
   1 170
    -0.000905850315226     0.004944814698609     0.004067871553517
     0.005097408963963    -0.001589217206790     0.004595561408100
    -0.001297204149748    -0.011032577912663     0.008566676289243
   1 171
    -0.000288121272781     0.000102055328897     0.000038030546834
     0.000143393581512     0.000175532793210    -0.000035622428460
    -0.000192079135470     0.000349777479538    -0.000355451582406
   1 172
     0.002082496043642     0.000325331602562     0.000553196013340
     0.002854967566484     0.000946282793210     0.000280312733052
    -0.002107598665414    -0.003951201467684    -0.000194640713822
   1 173
    -0.000325969112252     0.000336294768431    -0.000511856653712
    -0.000135556988402    -0.000349967206790    -0.000047076021351
    -0.000147512555126     0.000352919735699    -0.000480424478965
   1 174
    -8.763676037470773    -5.351009202789715     0.902547195059763
    -7.188294269862356   -23.089593217206794    -4.153968393561271
    -1.294256825330832    -8.398073916015692   -12.668179710933209
   1 175
    -0.001619566566563    -0.000782678491266    -0.001215402376203
     0.000077730187911     0.000072532793210     0.000149763024884
     0.000823085193941     0.000338153036653     0.000826097180871
   1 176
     0.000409049519462    -0.000276137351393     0.000031163014592
    -0.000150343373495     0.000266282793210    -0.000153515159550
    -0.001040806480931     0.000213811443943     0.000498550458605
   1 177
    -0.000464814600014     0.000085620900994    -0.000229403560375
     0.000635695942867    -0.000161467206790     0.000165603742052
    -0.000063078164088    -0.000130251962980     0.000296686856619
   1 178
    -0.000287336610792    -0.000299006721581     0.000353743595504
     0.000134809129382    -0.000076467206790     0.000001910734729
     0.000488706153762     0.000483696476385    -0.000632451896190
   1 179
    -0.001124000969598     0.000604563062674    -0.000724093272823
     0.000563169691859    -0.000090467206790     0.000637678473524
     0.001885568708778     0.000685699877354     0.000025936879161
   1 180
    -0.001991346314660    -0.000313019594466     0.003497775649850
    -0.002189982304331    -0.000916217206790     0.003630511465378
    -0.001394555562342    -0.002548658948048     0.006011042845637
   1 181
    -0.001136186957839     0.001941435585933    -0.001782929789126
    -0.004432672256226     0.000250602237654     0.004064548735757
    -0.013230925570089    -0.005317883590106     0.003091873792501
   1 182
    -0.001136186957839     0.004432672256226    -0.013230925570089
    -0.001941435585933     0.000250602237654     0.005317883590106
    -0.001782929789126    -0.004064548735757     0.003091873792501
   1 183
     0.000344040718954     0.000134437956592    -0.000151941955806
    -0.000445537009716    -0.000348147762346     0.000412389766880
    -0.000719275971933    -0.000476269120179     0.001227429897285
   1 184
     0.000344040718954     0.000445537009716    -0.000719275971933
    -0.000134437956592    -0.000348147762346     0.000476269120179
    -0.000151941955806    -0.000412389766880     0.001227429897285
   1 185
    -0.001088489955488     0.008241627904879     0.004379466414545
     0.003466670164003    -0.002134147762346    -0.008363969761563
    -0.011222804086208    -0.000311870292984     0.019035196956815
   1 186
    -0.001088489955488    -0.003466670164003    -0.011222804086208
    -0.008241627904879    -0.002134147762346     0.000311870292984
     0.004379466414545     0.008363969761563     0.019035196956815
   1 187
     0.001005780122758    -0.002123019784302    -0.002377171961848
     0.002660305921169    -0.003301647762346    -0.001550409051257
     0.000587930643216     0.000524279846644     0.001095857881597
   1 188
     0.001005780122758    -0.002660305921169     0.000587930643216
     0.002123019784302    -0.003301647762346    -0.000524279846644
    -0.002377171961848     0.001550409051257     0.001095857881597
   1 189
    -0.000391998052967    -0.000205958833384     0.000450994726072
     0.000167513689427     0.000322352237654    -0.000511571541777
     0.000613856624321     0.000488910619886    -0.000612918195783
   1 190
    -0.000391998052967    -0.000167513689427     0.000613856624321
     0.000205958833384     0.000322352237654    -0.000488910619886
     0.000450994726072     0.000511571541777    -0.000612918195783
   1 191
     0.000317375784280     0.000097199764422    -0.001275890371077
