  36  432
   1   1
    26.822164970421795    17.063874565393757   -18.161531077057329
    17.063874565393757    51.161748312959098     7.271839043482121
   -18.161531077057329     7.271839043482121    59.992298056786169
   1   2
     0.000365505061383     0.000240656284038    -0.000431825696638
     0.000240656284038    -0.000451382040895     0.000263900433992
    -0.000431825696638     0.000263900433992     0.000865305227777
   1   3
    -0.000041544995884    -0.002475882876042    -0.001950341394562
     0.000662283273608     0.003262687959105     0.001314286642557
     0.001197366264633     0.004286194929628     0.002410836133589
   1   4
    -0.000159516071786     0.000046867689587    -0.000235340174801
     0.000046139340143    -0.000170379540895     0.000095318366212
    -0.000147287134518     0.000132054562033     0.000224395998176
   1   5
    -0.000041544995884     0.000662283273608     0.001197366264633
    -0.002475882876042     0.003262687959105     0.004286194929628
    -0.001950341394562     0.001314286642557     0.002410836133589
   1   6
    -0.000159516071786     0.000046139340143    -0.000147287134518
     0.000046867689587    -0.000170379540895     0.000132054562033
    -0.000235340174801     0.000095318366212     0.000224395998176
   1   7
    -0.000300890657081    -0.000554592250172    -0.000535420824476
    -0.000554592250172     0.000071877959105     0.000647598132573
    -0.000535420824476     0.000647598132573     0.004840586416902
   1   8
    -0.000472871020693     0.000698427264031     0.000891017366431
     0.000698427264031    -0.000747212040895    -0.000534500407103
     0.000891017366431    -0.000534500407103    -0.001422503668898
   1   9
    -0.000098688152674     0.000100814484465     0.000884984550917
    -0.000241297405733     0.000052422959105    -0.000097274125221
    -0.000107913226909    -0.000584588921331    -0.001203258775361
   1  10
    -0.000461633647628     0.000435473637619     0.000329858710444
     0.000158430477746    -0.000333419540895    -0.000182208513772
     0.000217851973679    -0.000453551565825    -0.000605929506769
   1  11
    -0.000098688152674    -0.000241297405733    -0.000107913226909
     0.000100814484465     0.000052422959105    -0.000584588921331
     0.000884984550917    -0.000097274125221    -0.001203258775361
   1  12
    -0.000461633647628     0.000158430477746     0.000217851973679
     0.000435473637619    -0.000333419540895    -0.000453551565825
     0.000329858710444    -0.000182208513772    -0.000605929506769
   1  13
   -13.240777301449004   -11.300714883827734     7.808008243436750
    -8.579253140074162   -18.626824571844139     3.107658308645092
    10.878144352630148     9.324290543409177   -18.370760928262150
   1  14
     0.000063718521175     0.000480911953862     0.000088278538299
     0.000430880782706    -0.000308156844136     0.000542245164715
     0.000118229568560    -0.000208802756750     0.000141841455643
   1  15
     0.000474496021917     0.002550155426943     0.001406019332055
    -0.000796882201298    -0.000309481844136     0.000218613865112
    -0.000744590581718    -0.002841043106498    -0.001188671337663
   1  16
    -0.000332439158043    -0.000098164578641    -0.000468405819723
     0.000141080830323     0.000024835655864     0.000184170656656
    -0.000007810564865    -0.000081951178163     0.000087518563368
   1  17
    -0.002945169675479    -0.004417050215074    -0.001553216587793
    -0.007957962474730    -0.007466491844136    -0.008758839341240
    -0.004153923784526    -0.008126703636507    -0.005617911499789
   1  18
    -0.000088814599041     0.000253443764888    -0.000042340052195
     0.000141060612962    -0.000475464344136    -0.000002854336291
     0.000105183089055     0.000334378335831     0.000051928678320
   1  19
     0.001121985810174     0.000565493234437    -0.000315370444739
    -0.000556577668045    -0.000397364344136    -0.000198896591789
    -0.001868354153096    -0.004484223009656    -0.001172858147198
   1  20
    -0.000061957320423     0.000401142151303     0.000049203625222
     0.000515602548205    -0.000192409344136    -0.000106460781238
    -0.000401364304152    -0.000306088881629     0.000518681251468
   1  21
     0.000082122602180    -0.000343382811659    -0.000078790503200
    -0.000296818127091    -0.000069244344136    -0.000200607452622
    -0.000097763680161     0.000605223370109    -0.000167991896301
   1  22
    -0.000433026685445    -0.000337425834240    -0.000019967206231
     0.000155259885068     0.000103388155864    -0.000020418541610
    -0.000025406302925     0.000036780218972    -0.000129179105537
   1  23
    -0.000047480824150    -0.000433638742092    -0.000152938950854
     0.000141016055612     0.000731025655864     0.000299216960447
     0.000952606136476     0.001127700669740     0.000901441754852
   1  24
    -0.000190217339168     0.000555390849346     0.000102620030206
     0.000168968974055    -0.000564541844136    -0.000095465953287
    -0.000025006167022    -0.000089557631378     0.000015088338776
   1  25
    -1.363263018686077     0.699283201180994     4.682515468069498
    -1.146054612665866     2.914078697611883     5.597622226288911
     2.588838698894397     1.354856032092890    -4.062520338350144
   1  26
     0.000296322489736    -0.000238190074775    -0.000300641209002
    -0.000375834309289     0.000030955111883     0.000144914784959
    -0.000227323322919     0.000056836244433     0.000399047609158
   1  27
     0.001198455476644     0.000572656058520    -0.002100151463582
     0.000256933088658    -0.000281234888117    -0.001029888622912
    -0.001405310467521    -0.000899913283979     0.001698763696892
   1  28
     0.000159662647909    -0.000151200328857    -0.000061803426221
    -0.000090615509798     0.000117300111883     0.000056719318456
    -0.000124042190093     0.000102988917363     0.000299486400427
   1  29
     0.000922563201195     0.001283519836511    -0.000258073401159
     0.003286540677897     0.004088670111883    -0.002901820568237
     0.003569383124835     0.002151805104452    -0.004394782275884
   1  30
     0.000145264610423    -0.000079030184520    -0.000112130399028
    -0.000134634586006     0.000086962611883     0.000092375717816
    -0.000108691722405    -0.000120576750111     0.000128333605148
   1  31
    -0.000619063775422    -0.001463318895953     0.001385628294784
    -0.000053076092462     0.000613357611883     0.000618150590401
     0.000872038958797     0.004492688973378     0.003661229229490
   1  32
     0.000148516577785     0.000170316377190     0.000553829765843
    -0.000299884683736    -0.000230362388117    -0.000081395003907
     0.000261698281048    -0.000324607044897    -0.000176899172475
   1  33
    -0.000162843008545     0.000193992465241     0.000377385736099
     0.000118232851486    -0.000102607388117    -0.000040021352081
     0.000136747770477    -0.000441311892516    -0.000269232576323
   1  34
     0.000045230050266     0.000088999589309     0.000194767730334
    -0.000026796175733     0.000011067611883    -0.000026148334534
     0.000129332629795     0.000027630106173    -0.000155919403119
   1  35
    -0.000026371972417     0.000324684538676     0.000236953003188
     0.000102753802797    -0.000349074888117    -0.000486363902448
    -0.000205355424537    -0.000929940916131    -0.001026948722674
   1  36
     0.000109270114538    -0.000127073270076     0.000077823559894
     0.000072771711383     0.000174552611883    -0.000304558826351
     0.000172280821094    -0.000039186676909    -0.000230548025439
   1  37
    -0.001638126512204    -0.000303066472283     0.002062177790808
     0.001077153872103    -0.002115128302469    -0.005281617528669
    -0.000708141908677    -0.012974749202621    -0.013107658610126
   1  38
     0.000219852327555    -0.000260912393077    -0.000288699094186
     0.000551073323721     0.000129844197531     0.000032684620335
    -0.000781979941415     0.000060330604497     0.000551923907300
   1  39
     0.000411334655853     0.000200355682391    -0.000037245964630
    -0.000440419740138    -0.000003803302469    -0.000200545633585
    -0.000616380970928     0.000279195060377    -0.000018971844304
   1  40
    -0.000143572785313    -0.000050185277837    -0.000114926095821
     0.000083679731568     0.000109821697531     0.000051220610148
    -0.000304537059852    -0.000115010843334    -0.000121495232417
   1  41
    -0.000099800839209    -0.001174249472347    -0.000367734458190
     0.000274083666019     0.001309366697531     0.000521020494576
     0.001695077457394     0.003164751823609     0.001793636123838
   1  42
    -0.000143625942683     0.000476111039846     0.000000305146923
     0.000143794919180    -0.000223258302469     0.000043399053491
    -0.000115031519874     0.000324329404229     0.000162937236101
   1  43
     1.156670372966656     0.256891719128374    -0.962355566645558
     1.072046364640834     0.697237821697531    -2.327591613491903
    -0.059485411267931    -0.480783558126585     0.158939770557241
   1  44
     0.000038275260879     0.000810130378741     0.000416686380392
     0.000769974738371    -0.000633808302469     0.000340448074682
     0.000787961409631    -0.000543674631640    -0.000177146522350
   1  45
    -0.000850288370848    -0.000448743372351     0.001094317346192
    -0.000500259092382     0.000352244197531     0.000074284550531
     0.000881376857399     0.001014482561388    -0.001089632026220
   1  46
    -0.000632796718863    -0.000072530632401    -0.000349670006484
     0.000279241567651     0.000091966697531     0.000139880636215
     0.000324383502407     0.000213080750176     0.000103282978618
   1  47
     0.000605963924228    -0.001676507764801    -0.001662492703257
     0.001661201284467     0.001813939197531    -0.000733955506652
     0.002218392230236     0.000260247058643     0.000408830025458
   1  48
    -0.000150105182915     0.000268512532288     0.000034074207244
     0.000344272422947    -0.000082428302469     0.000134041378715
     0.000208105714667     0.000338704496229     0.000146533793776
   1  49
    -0.011963000105467     0.006167078561460     0.016788829692781
     0.004216023221242    -0.000734807214506    -0.011602861064341
     0.005122194515744     0.013377286446518    -0.023689703739937
   1  50
     0.000339025164994     0.000111322170948     0.000432545421490
    -0.000091392762907    -0.001289194714506     0.000425133691715
     0.000619625614631     0.001762623808231    -0.000677472623902
   1  51
    -0.000037181702998    -0.000405159786297     0.000207883538981
    -0.000593761436866    -0.000039097214506     0.000030935743286
    -0.000886558276938    -0.000487850059122    -0.000080674761937
   1  52
    -0.000055374441251    -0.000012022478912    -0.000107902326840
    -0.000083122133039    -0.000227849714506     0.000104535468812
    -0.000359373523325    -0.000037179934404     0.000137109764155
   1  53
     0.001865340500669     0.001467241796054    -0.001608648964731
    -0.001182851518354    -0.000773134714506     0.001016437903436
    -0.005997325248869    -0.006266470134172     0.006329032276999
   1  54
    -0.000140952096338     0.000117615358693    -0.000207909038888
     0.000083303547980    -0.000069319714506     0.000124962997842
    -0.000186312698671     0.000195334586834    -0.000013542315404
   1  55
    -0.028481403936213     0.777333283686208     0.876963064705916
     0.020203493009827     1.348362407785494     1.508031709278887
     0.023825890751842    -0.225668281313518    -0.337611882773985
   1  56
     0.000036126437283     0.000580235762706    -0.000071376770639
     0.000892851255387    -0.000465039714506    -0.000165409269633
     0.000709128905060    -0.000568156404040     0.000025934091858
   1  57
     0.000640935283000     0.000283196878844    -0.000854827255940
    -0.000064636224158    -0.000059294714506    -0.000420218849638
    -0.000560297257035    -0.000665551564116     0.000351831029704
   1  58
    -0.000605776826444     0.000074099244257     0.000009986892053
     0.000175851340891    -0.000200424714506     0.000016784548207
     0.000038752099662    -0.000406227363778     0.000135455745294
   1  59
    -0.000275835157672    -0.000620051779811    -0.000288988528588
    -0.000838030608542    -0.000710149714506     0.000542122109229
     0.000426513544572     0.000054875399237     0.001198203977088
   1  60
    -0.000290319975732     0.000119095474550    -0.000042737784765
     0.000171829769989    -0.000353279714506     0.000101961631182
    -0.000020630081316    -0.000312129253146     0.000201672925308
   1  61
    -0.002884463587531     0.002461091056575    -0.013141506989938
    -0.004229355521080    -0.020038612040895     0.004667113447011
     0.003417767850421    -0.026495941048948     0.024177203647969
   1  62
    -0.000055173307440     0.000178516714826    -0.000722718929904
     0.000011547224924    -0.000155127040895     0.000317090940339
     0.000050597487427    -0.000884545299550     0.000358315748377
   1  63
     0.000344700552520     0.000027878986348     0.000099054494945
    -0.000027878986348    -0.000182942040895     0.000283834354851
     0.000099054494945    -0.000283834354851     0.000051795163540
   1  64
     0.000086516413273    -0.000054948154817    -0.000051768360272
     0.000054948154817    -0.000058517040895     0.000168096113768
    -0.000051768360272    -0.000168096113768     0.000273617006692
   1  65
    -0.002884463587531     0.004229355521080     0.003417767850421
    -0.002461091056575    -0.020038612040895     0.026495941048948
    -0.013141506989938    -0.004667113447011     0.024177203647969
   1  66
    -0.000055173307440    -0.000011547224924     0.000050597487427
    -0.000178516714826    -0.000155127040895     0.000884545299550
    -0.000722718929904    -0.000317090940339     0.000358315748377
   1  67
    -0.000158899315032     0.000158834866090    -0.000644902106709
     0.000001037918329     0.000798625459105    -0.000928075432257
     0.000220254012667     0.000888509022984     0.001798846757227
   1  68
     0.000245005244929     0.000565415697438    -0.001482930800806
    -0.001738376564419    -0.000799249540895     0.002195240897727
    -0.000453616768695    -0.001083586197369     0.003620345084502
   1  69
     0.000223240484743    -0.000085659601545     0.000078339453815
     0.000085659601545    -0.000094322040895     0.000055947804403
     0.000078339453815    -0.000055947804403     0.000194449094060
   1  70
     0.000175898074716    -0.000404934378940     0.000234293302904
     0.000404934378940    -0.000019737040895    -0.000167599119657
     0.000234293302904     0.000167599119657    -0.000287380011839
   1  71
    -0.000158899315032    -0.000001037918329     0.000220254012667
    -0.000158834866090     0.000798625459105    -0.000888509022983
    -0.000644902106709     0.000928075432257     0.001798846757227
   1  72
     0.000245005244929     0.001738376564419    -0.000453616768695
    -0.000565415697438    -0.000799249540895     0.001083586197369
    -0.001482930800806    -0.002195240897727     0.003620345084502
   1  73
    -0.000118908658976    -0.000017052037441     0.004067496095466
     0.001140032173101     0.004722615655864    -0.001160220414091
     0.004856510630554     0.003189330208280    -0.005673277969330
   1  74
     0.000212549193620    -0.000544951065653    -0.000196733949983
    -0.000049016045233     0.000117080655864     0.000110789699628
    -0.000604527079020     0.000724331259722     0.000078932583393
   1  75
     0.000578284886050    -0.000520191979983     0.000192613249051
    -0.000035806913879    -0.000160401844136     0.000005287461320
     0.000049436701415    -0.000236969950587     0.000424275775083
   1  76
     0.000072253213082    -0.000069683532475     0.000022049659361
     0.000028491344524     0.000128988155864     0.000025384388268
    -0.000212357918346     0.000325387788769    -0.000172502967433
   1  77
     0.011075336730272    -0.011765077762985    -0.001891013797056
    -0.006662297613156     0.001668460655864     0.017834174441884
    -0.012322098925709     0.035150087485551    -0.036277315714750
   1  78
     0.000016991374089     0.000211663991685    -0.000319529959019
    -0.000100923226732     0.000147633155864    -0.000047332436706
    -0.000560144919312    -0.001323321947585     0.000339734337321
   1  79
    -0.000419998027715     0.000225737584776     0.000040865175160
     0.000178421114390    -0.000121536844136     0.000880336110197
     0.001940920878102    -0.000790798382238     0.000135403541853
   1  80
    -0.001427227708809     0.001804331960928    -0.000963326460045
     0.000599685314200    -0.001162101844136    -0.000994160745877
     0.001274743339059    -0.002186195421993     0.000033398844208
   1  81
     0.000251403733943    -0.000174257209181     0.000335668559101
    -0.000020027029742    -0.000062016844136     0.000006569819340
     0.000119346183745    -0.000065466235840    -0.000224223206623
   1  82
    -0.000143839630875     0.000652354559776    -0.000187389060527
     0.000430656538454     0.000132758155864     0.000141258780955
     0.000359293818302    -0.000245040305408     0.000221656848031
   1  83
    -0.000103407037217    -0.000532551114685    -0.001220127165075
    -0.000777811159659     0.000161778155864    -0.000795078818986
    -0.000234310739659     0.005713526543782    -0.001590958686864
   1  84
    -0.000232629256606    -0.000041132240234    -0.000247846109116
     0.003596211902393     0.001918485655864    -0.005780717390672
     0.002850921158811     0.000509299373611    -0.003541964634396
   1  85
     0.000804868009511    -0.000667920445928    -0.002334785567982
     0.000007283169224     0.000627720111883    -0.001419177036472
    -0.000389166946853     0.001743794732143    -0.002230532085930
   1  86
    -0.000162284434153     0.000291756407187     0.000141111846817
     0.000083046842203    -0.000145549888117     0.000001693549280
     0.000414468291396    -0.000198913920408    -0.000355048149628
   1  87
    -0.000155319842622     0.000182909366809    -0.000065314984773
    -0.000156629973049     0.000053292611883     0.000288366590703
    -0.000129955520894    -0.000096541549366     0.000198773881225
   1  88
    -0.000004566221618     0.000044447995109    -0.000093022388157
     0.000010637355013    -0.000091174888117     0.000006966119628
    -0.000024380717393    -0.000108636476548     0.000246062104386
   1  89
    -0.003730655359320     0.006199336334903     0.001194883962086
     0.005681960082874    -0.012175539888117    -0.000843340816547
     0.002166998677285    -0.005243571650228    -0.001274822672343
   1  90
     0.000038032878185    -0.000120435636199     0.000049292206134
     0.000094628878395    -0.000123494888117     0.000202674309375
     0.000307460439093     0.000471176806636     0.000003097305267
   1  91
    -0.000021014847485     0.000730756968649     0.000278176482673
     0.000301887993866     0.000654140111883     0.000642946145165
    -0.000452769522426    -0.001023656183882     0.001347169901525
   1  92
     0.002866952804177    -0.004421159172248     0.002026432016083
    -0.001148867696866     0.000846805111883     0.000233597587666
    -0.000404250770299     0.002798237595709    -0.002025574659669
   1  93
     0.000013116769424    -0.000094173925434    -0.000172964273888
     0.000055500804276    -0.000001674888117    -0.000111661520149
     0.000074650280180     0.000111639136072    -0.000228041916265
   1  94
    -0.000101327282011    -0.000133639626338     0.000254635405313
    -0.000074416130278     0.000012795111883    -0.000170895355488
    -0.000017955868814     0.000027476057336    -0.000273667392113
   1  95
    -0.000479663793850     0.002334756235964     0.000531666539025
    -0.001342263678947     0.001976372611883     0.001509296692627
     0.001320094307518    -0.004480462290416     0.001445030101960
   1  96
     0.004647643455627     0.002998174080941     0.001901854054549
     0.004878660614296     0.001535175111883    -0.001271603773837
     0.001838045453779    -0.000067832005102    -0.004182481906100
   1  97
    -0.000322558703940     0.001266581172500     0.000562648800023
     0.001198871752965     0.001012829197531    -0.002679421434106
     0.003420347458561    -0.002715791090080    -0.004596545337479
   1  98
    -0.001022182346009     0.001686691118481    -0.000910053384902
     0.000537163436961    -0.001700755802469    -0.000156649841677
     0.000239013745833    -0.001040181135152     0.001116199684795
   1  99
     0.000401635080186    -0.000130028673265     0.000289509998371
    -0.000031331426041    -0.000217060802469     0.000013596041966
     0.000157046789903    -0.000551031904393     0.000031620904127
   1 100
    -0.000001503926533     0.000323569210747    -0.000166315159276
     0.000430496010311     0.000298099197531     0.000288526198054
     0.000235933278948     0.000412558578253     0.000194176723746
   1 101
    -0.005237498361833    -0.004911726422810     0.003555967822775
    -0.010411519471373     0.002696511697531    -0.001777820627947
    -0.000901387850936     0.013926892876086    -0.004408684455912
   1 102
    -0.000723427774508     0.000907740367491     0.003097757996624
     0.004080615833255     0.006461251697531     0.002309629292943
     0.003682271873581     0.002979797465428    -0.000744974983082
   1 103
    -0.001655701102557     0.000425113635910     0.001197802452905
     0.000712025764711    -0.000756838302469    -0.000254259235868
     0.003158152611833    -0.001025529254035    -0.000291499103640
   1 104
     0.000160859956428    -0.000858575004627     0.000344501685124
     0.000003822751379    -0.000029785802469     0.000040874305165
    -0.000641231290559     0.001378237604752    -0.000608061831347
   1 105
     0.000417418047043    -0.000253720016569     0.000274372673513
    -0.000086518870506     0.000178041697531    -0.000152516367556
     0.000106598357238     0.000141195040343     0.000103919875243
   1 106
     0.000061095545828     0.000110065580053    -0.000005281426482
     0.000071815838709     0.000207706697531    -0.000091160498446
    -0.000163475075195     0.000168028916078    -0.000278851420379
   1 107
    -0.000189722045491     0.000606138854964     0.000476048958573
    -0.000438182569940     0.001057029197531    -0.001714233147922
    -0.003351193896185     0.006895275531653    -0.001417190964836
   1 108
     0.000276083651284     0.000316145988378    -0.000508820671112
     0.000028630681364    -0.000042840802469    -0.000314385201048
    -0.000875887728215    -0.001986362851669     0.000748274617267
   1 109
     0.001739834481844    -0.001851180299557     0.000103663885937
    -0.000904660022215    -0.002128114714506     0.000898580520915
    -0.006742187730770     0.004961803518672     0.001075753682290
   1 110
    -0.000486575481603     0.000992569274579     0.000467729576191
     0.000072542887750    -0.001403194714506    -0.000269708179960
     0.001169988165534    -0.002156032466533    -0.000328681206285
   1 111
     0.000665015833881    -0.000446273631371    -0.000173049304171
     0.000064160067834    -0.000160437214506    -0.000037686931930
    -0.000104822213337    -0.000024466515300     0.000067732345479
   1 112
     0.000050787378724    -0.000054378813379     0.000102576806000
     0.000192824737838     0.000052315285494     0.000346012705659
     0.000136852375478     0.000081483007008     0.000309047687336
   1 113
    -0.005003885210697     0.001685907910889    -0.006643960965176
     0.000900081160810     0.000241635285494    -0.000163039433871
     0.014448095780173    -0.018659494617557    -0.018428010411062
   1 114
     0.001136330737341    -0.001403286321216    -0.002207707396829
    -0.000449180710636    -0.000222897214506     0.006672492704903
    -0.001382239461016     0.007567292921839     0.005088176604008
   1 115
     0.000823806240570    -0.000371121442906    -0.001522642987401
    -0.000501705564154     0.001070967785494     0.000637233834227
    -0.000048501996025     0.001464832692443     0.001091448363174
   1 116
    -0.000671753253465     0.000802523354355     0.000542334703123
    -0.000002219220629    -0.000205447214506     0.000097072965527
     0.000875793737030    -0.001787793182495    -0.000766934431771
   1 117
     0.000187676578852    -0.000096303638077     0.000153327011260
     0.000050912060467    -0.000038687214506    -0.000023972772939
     0.000305698704327    -0.000178003775985    -0.000075171501374
   1 118
     0.000194431058722    -0.000162035421194     0.000012151950870
     0.000383836394067    -0.000282874714506    -0.000212354838920
     0.000034502155931    -0.000081585139513    -0.000128580131337
   1 119
     0.000530830538128    -0.000599659725787    -0.000417109163686
    -0.000175919686383     0.000594190285494    -0.000485896847536
     0.000973574236081     0.000070660721038    -0.001817876541044
   1 120
     0.000030081626050     0.000479827566275     0.000175106312097
    -0.000184476758463    -0.000301952214506    -0.000595481571184
    -0.001606574593857    -0.000611210433989    -0.000466230049039
   1 121
     0.000102620985960     0.000109253140107    -0.000109145809069
     0.000109253140107    -0.000206407040895    -0.000098935978804
    -0.000109145809069    -0.000098935978804    -0.000518011220778
   1 122
     0.000760226541043    -0.000770225808704    -0.001653151738603
    -0.000770225808704     0.000297577959105     0.000092408119943
    -0.001653151738603     0.000092408119943     0.001041872216493
   1 123
    -0.000235408100273     0.000022313498019    -0.000216049724535
     0.000022313498019    -0.000004222040895     0.000167833515608
    -0.000216049724535     0.000167833515608     0.000006412563304
   1 124
    -0.000179019601783    -0.000133455896138     0.000767570778623
    -0.000133455896138     0.000561522959105     0.000035910135908
     0.000767570778623     0.000035910135908    -0.002288357337845
   1 125
     0.001158141275538     0.000408179991709    -0.000145086129643
     0.000408179991709    -0.000955242040895     0.000572967327267
    -0.000145086129643     0.000572967327267    -0.000625314329409
   1 126
    -0.018975747163031    -0.013644277112653    -0.000770807261008
    -0.013644277112653     0.006721322959105     0.021888443586511
    -0.000770807261008     0.021888443586511     0.033211899111552
   1 127
    -0.000687128351917     0.000402171205953     0.000542770464908
     0.000402171205953    -0.000342167040895    -0.000398557666767
     0.000542770464908    -0.000398557666767    -0.000582560940929
   1 128
     0.000601387915633    -0.000411954493913    -0.001318811686195
    -0.000411954493913     0.000257557959105     0.000273839291166
    -0.001318811686195     0.000273839291166     0.002050982906962
   1 129
    -0.000376126536033     0.000191007966902     0.000148465954290
     0.000191007966902    -0.000342442040895    -0.000206996343336
     0.000148465954290    -0.000206996343336    -0.000222629170118
   1 130
    -0.000331150178488    -0.000450821498133    -0.000116607099484
    -0.000450821498133     0.000171832959105     0.000515591011639
    -0.000116607099484     0.000515591011639     0.001299080798621
   1 131
    -0.000268077067916     0.000700664043567     0.000712458127448
     0.000700664043567    -0.000849517040895    -0.000590745368736
     0.000712458127448    -0.000590745368736    -0.000148361726211
   1 132
    -0.440891582501097    -0.901999514871852     0.122837540345740
    -0.901999514871852    -1.591916687040895     0.203736755846758
     0.122837540345740     0.203736755846758     0.003805675088319
   1 133
    -0.000014378654340    -0.000013735818912     0.000024728025436
     0.000198382938787    -0.000051826844136     0.000058288166996
     0.000533930488110     0.002077730028860     0.000641876990953
   1 134
     0.000186881900053    -0.001068355250737    -0.000294364429666
    -0.000289996502265     0.001383350655864     0.000230530257386
    -0.000921511877686     0.001598063032284    -0.000176157721343
   1 135
    -0.000335394377163    -0.000121844466913    -0.000257796475717
     0.000060393920542    -0.000080296844136    -0.000036073092491
    -0.000235257723305    -0.000215219043631    -0.000098478160911
   1 136
     0.000056115825042    -0.000211982392250    -0.000261919474483
    -0.000492592493507    -0.000443491844136     0.000112140857213
    -0.000445896468174    -0.000060521407212     0.000843604669125
   1 137
     0.000309826435740     0.000505215391167     0.000132780500465
     0.001099831633400     0.000432700655864     0.000215383658434
    -0.000375283257955     0.000073976155542     0.001273785802449
   1 138
    -0.000757799896072     0.004667530801194     0.004517688443123
     0.001138567451220    -0.000763759344136    -0.005914814097983
     0.005003554054458    -0.003196411434876    -0.015387332055084
   1 139
    -0.000170264759252     0.000853530726826     0.000037932930546
     0.000162866703864    -0.000702326844136    -0.000056194964451
     0.000121218291860    -0.000667652219349    -0.000094434997707
   1 140
     0.000074654388919     0.002208034578685     0.001747885136126
    -0.001564531763366     0.000921423155864    -0.000194811102742
    -0.002277126809900    -0.004917602390419    -0.002996397844951
   1 141
    -0.000312818558986    -0.000077127569302    -0.000155507299373
     0.000174332290202     0.000115720655864     0.000119372536059
     0.000020588376135    -0.000013031616204     0.000017245648267
   1 142
     0.000063403087376     0.000416803509591    -0.000005493281622
     0.000062457169017     0.000102100655864    -0.001253959188751
     0.000444199105399    -0.000514447933511    -0.001493457758028
   1 143
    -0.000241648029362    -0.000124875686053    -0.000045729643536
     0.000501603934694    -0.000062016844136     0.000349409059764
     0.000630140377436     0.000287123183284     0.000085344619207
   1 144
     0.386562003611947     0.133676433656852    -0.869174314529411
     0.873410265242734     0.209249428155864    -1.657677669714826
    -0.049441793141410     0.004678431236302     0.054913420566247
   1 145
     0.000246604647216     0.000010085188361    -0.000346390128632
    -0.000071789842349     0.000050620111883     0.000103940177890
    -0.000365415121996    -0.000687452477776     0.000235330782952
   1 146
     0.000174414259186     0.000149829767769    -0.000576517322146
     0.000027421772066    -0.000268569888117     0.000090910378682
     0.000107890861810    -0.000217215259979     0.000400770069056
   1 147
     0.000118173057316    -0.000108091522104    -0.000006844710427
    -0.000124055426387     0.000101662611883     0.000193196092628
    -0.000014876600513     0.000053577260248     0.000235717942344
   1 148
    -0.000056770764579    -0.000045052992006     0.000007369529596
     0.000150308665016     0.000204400111883     0.000056483834713
     0.000260533209160     0.000588821788487    -0.000083775676825
   1 149
     0.000370780349879    -0.000201996267579     0.000392866341335
    -0.000333332514947    -0.000251287388117    -0.000410607410691
    -0.000067059686468    -0.000301749548042     0.001433275420795
   1 150
     0.000230780814576    -0.000295103062563     0.000727579644999
    -0.000567873448386    -0.000787147388117     0.001554642374860
    -0.003546891555581    -0.002392272633628     0.004245263885433
   1 151
     0.000094435948128    -0.000099319813070     0.000243007701277
    -0.000050205986319     0.000143042611883    -0.000144705368084
     0.000225232968258     0.000060722382084    -0.000619168931306
   1 152
    -0.001247983704447     0.000922941000668     0.006033916938944
     0.001870832751985     0.003808752611883     0.000698112381534
     0.004095317331194     0.002054928489463    -0.008080929711014
   1 153
     0.000093704006735    -0.000011605417796     0.000075439103577
    -0.000044970223512     0.000011052611883    -0.000090914040800
     0.000057837029298     0.000028608855274    -0.000113685803923
   1 154
    -0.000257898947310     0.000018725372155     0.000405234725061
    -0.000739136436782    -0.000685634888117     0.001884938743255
    -0.000689362725179     0.000439864684148     0.002190708675614
   1 155
     0.000092030127758     0.000045262931940     0.000265338183916
    -0.000220513041184    -0.000130932388117    -0.000323783904092
    -0.000031284292920    -0.000302308539252    -0.000491558860580
   1 156
    -1.903315166624454    -1.705360500340114     0.836563416510200
    -2.464539286043924    -3.437701302388118     2.562149850655785
    -0.040897147925480     0.796645188476984     0.271408979506552
   1 157
    -0.000028930392048     0.000338188317484    -0.000239600771466
     0.000144570217010    -0.000401920802469     0.000142438239637
     0.000030377361097     0.000432904975311     0.000332287557158
   1 158
    -0.006527031776374    -0.011413467431754    -0.004773323749715
    -0.002580566091861    -0.009412335802469    -0.005081173403852
     0.006551980956164     0.001860590941556     0.002704011251689
   1 159
    -0.000258104641165     0.000062525542570    -0.000183420989126
     0.000096584435685     0.000010331697531     0.000116746171461
    -0.000112733002946    -0.000078018736949    -0.000037148536536
   1 160
    -0.000246402017675    -0.000003614734621     0.000072861823766
     0.000250506410397     0.001543474197531    -0.000765290796813
     0.000862164849750     0.001987241528719    -0.000221496642802
   1 161
     0.000024840960556     0.000045413926828    -0.000120112309971
     0.000340754566541    -0.000239458302469     0.000492848990416
     0.000008903937218     0.000189159641165     0.000195079251523
   1 162
     2.240740151861623     0.753445952128798    -3.389099032335201
     2.934201649870271    -1.068907428302469    -8.338541068727798
    -0.937825741555264    -3.341482541312338    -1.225074612357601
   1 163
    -0.000277753072543     0.000166341571914     0.000238179919218
     0.000296878307908     0.000109876697531     0.000097450934150
     0.000831137011362     0.002061689212170     0.000761339271026
   1 164
     0.000239934990339    -0.000081528488370     0.000265615112671
    -0.000302977850989     0.000462339197531    -0.000072607649564
    -0.000931697845513     0.000081098131990    -0.000861532543576
   1 165
    -0.000469766162076    -0.000022319821538    -0.000140106191572
     0.000249711004032     0.000144106697531     0.000021686658860
     0.000004673836287     0.000042660049507    -0.000040162762369
   1 166
     0.000070107452364     0.000183136886852    -0.000058840716656
    -0.000293192245795    -0.000294025802469    -0.000138152685138
    -0.000405944761815    -0.000855126471757     0.000054537056575
   1 167
    -0.000559126933543     0.000322216499848     0.000045203728753
     0.000950853545496    -0.000053510802469     0.000001969249526
     0.000871065094871    -0.000286031131612     0.000875423932320
   1 168
     0.000732106930683     0.000006220131334    -0.000182768448365
     0.000355036338503     0.000408414197531    -0.000712339935080
     0.001673174070769     0.002125667518897    -0.001173157101277
   1 169
     0.000055350244398     0.000285715265020    -0.000270121646559
     0.000059858374900    -0.000249372214506     0.000171112684463
    -0.000354054224779    -0.000216996670730     0.000300098306789
   1 170
    -0.000248437670223    -0.000127766977666     0.000360837589644
     0.001313012069174    -0.001289419714506     0.001730351217818
    -0.002340024148566    -0.006560595294938     0.006170026225468
   1 171
    -0.000261493421827    -0.000015029429186    -0.000078778155478
     0.000113364641886    -0.000051024714506    -0.000020992432543
    -0.000098761439136     0.000034844485426    -0.000051731144266
   1 172
     0.000417423543202     0.000147409387223    -0.000518319832009
    -0.000362730870837    -0.000388587214506    -0.000026334286890
    -0.001630588011630    -0.002210696085108     0.000235383209773
   1 173
     0.000217173605640     0.000307573327263    -0.000026890531167
     0.000363556022092    -0.000381544714506     0.000102905557150
    -0.000020844673565     0.000172940475453    -0.000167359244937
   1 174
    -8.097191680762716    -4.939003635265619     2.458062436539976
    -7.859656092484905   -22.453425092214509    -2.230664276271169
    -0.846016367035470    -8.933931210482509   -12.704722151684457
   1 175
    -0.000278014533001     0.000366485920885    -0.000080894341908
     0.000138801166161    -0.000315074714506     0.000075594846808
    -0.000138422272012    -0.000646524161611     0.000356132503885
   1 176
     0.000255553687707    -0.000016054258846     0.000055270958343
    -0.000293629727171     0.000026672785494    -0.000150672576883
    -0.001006471647784    -0.000730232769236    -0.000042212050717
   1 177
    -0.000445524735034    -0.000009950152908    -0.000015091161643
    -0.000000929869589    -0.000339064714506     0.000150002929639
    -0.000079633240682    -0.000158842833364     0.000125703861426
   1 178
    -0.000312380667283    -0.000346115649221     0.000206191596740
    -0.000023437843858     0.000169027785494    -0.000208471316685
     0.000553969971327     0.000395486067282    -0.000552186129422
   1 179
    -0.000355379838040     0.000582212787045     0.000248482409363
     0.000561864340828    -0.000575352214506     0.000082994135662
     0.001352847791507     0.000300276027919    -0.000487684941504
   1 180
     0.000204335619497     0.000468333273260     0.000047919171217
    -0.000430929999707     0.000065667785494     0.000683773463282
    -0.001545848712110    -0.001925775974163     0.003618034216335
   1 181
     0.002728415409625     0.002280180054531    -0.001328307256378
    -0.000096666629901    -0.002122917040895     0.000874342450386
    -0.002722774257027    -0.001619954149663     0.001082360647136
   1 182
     0.002728415409625     0.000096666629901    -0.002722774257027
    -0.002280180054531    -0.002122917040895     0.001619954149663
    -0.001328307256378    -0.000874342450386     0.001082360647136
   1 183
     0.000402187497866    -0.000057752208492    -0.000056803723699
     0.000169789047205    -0.000159639540895     0.000142820848489
    -0.000223894876491    -0.000252539669976     0.000460104810749
   1 184
     0.000402187497866    -0.000169789047205    -0.000223894876491
     0.000057752208492    -0.000159639540895     0.000252539669976
    -0.000056803723699    -0.000142820848489     0.000460104810749
   1 185
     0.000321872873167     0.001390977592118     0.002040230130789
    -0.000151471725399    -0.000166084540895    -0.000308315337743
    -0.004229793707937    -0.003051729658594     0.010381735191095
   1 186
     0.000321872873167     0.000151471725399    -0.004229793707937
    -0.001390977592118    -0.000166084540895     0.003051729658594
     0.002040230130789     0.000308315337743     0.010381735191095
   1 187
    -0.000218242547484    -0.000224583006408    -0.000770190165424
     0.000183556230910    -0.000830994540895     0.001309846961825
     0.001142234976535    -0.000915924901789     0.001382727244426
   1 188
    -0.000218242547484    -0.000183556230910     0.001142234976535
     0.000224583006408    -0.000830994540895     0.000915924901789
    -0.000770190165424    -0.001309846961825     0.001382727244426
   1 189
    -0.000044267931117    -0.000095481636711     0.000228141474527
     0.000229423602426    -0.000022129540895    -0.000090987078522
     0.000539984278278    -0.000013367925664    -0.000418216319731
   1 190
    -0.000044267931117    -0.000229423602426     0.000539984278278
     0.000095481636711    -0.000022129540895     0.000013367925664
     0.000228141474527     0.000090987078522    -0.000418216319731
   1 191
     0.000423149514363    -0.000129574485434    -0.001010355816383
